100
100
100
100
100
100
100
100
100
100
100
100
100
100
100
100
100
100
100
100
100
100
100
100
100
100
100
100
100
100
100
100
100
100
100
100
100
100
100
100
100
100
100
100
100
100
100
100
100
100
100
100
100
100
100
100
100
100
100
100
100
100
100
100
100
100
100
100
100
100
100
100.001
100.001
100.001
100.001
100.001
100.002
100.002
100.003
100.004
100.006
100.01
100.015
100.024
100.038
100.062
100.102
100.167
100.277
100.459
100.762
101.266
102.106
103.506
105.84
109.728
116.207
127.007
145.005
175.002
